iter,accuracy.gbm.full_dataset,accuracy.lasso.full_dataset,accuracy.linearSVM.full_dataset,accuracy.rf.full_dataset,accuracy.ridge.full_dataset,accuracy.xgb.full_dataset
1,0.9473684210526315,0.9473684210526315,0.7368421052631579,0.7894736842105263,0.7894736842105263,0.8421052631578947
2,0.8947368421052632,0.7894736842105263,0.7368421052631579,0.6842105263157895,0.5263157894736842,0.8947368421052632
3,0.7894736842105263,0.8421052631578947,0.7894736842105263,0.7894736842105263,0.6842105263157895,0.7894736842105263
4,0.9473684210526315,0.8947368421052632,0.8421052631578947,0.8421052631578947,0.8421052631578947,0.9473684210526315
5,0.8421052631578947,0.7894736842105263,0.6842105263157895,0.8421052631578947,0.7368421052631579,0.8421052631578947
6,0.8421052631578947,0.7894736842105263,0.7368421052631579,0.7894736842105263,0.5789473684210527,0.8421052631578947
7,0.7368421052631579,0.5263157894736842,0.6842105263157895,0.6842105263157895,0.5789473684210527,0.631578947368421
8,0.8421052631578947,0.6842105263157895,0.7368421052631579,0.631578947368421,0.5263157894736842,0.7894736842105263
9,0.9473684210526315,0.8947368421052632,0.631578947368421,0.7894736842105263,0.7368421052631579,0.9473684210526315
10,0.8421052631578947,0.8947368421052632,0.6842105263157895,0.7894736842105263,0.6842105263157895,0.8947368421052632
11,0.7368421052631579,0.7368421052631579,0.5789473684210527,0.7368421052631579,0.47368421052631576,0.6842105263157895
12,0.8421052631578947,0.8947368421052632,0.6842105263157895,0.6842105263157895,0.5789473684210527,0.8421052631578947
13,0.8421052631578947,0.8421052631578947,0.7894736842105263,0.7368421052631579,0.7894736842105263,0.8421052631578947
14,0.8947368421052632,0.6842105263157895,0.7368421052631579,0.8421052631578947,0.5263157894736842,0.8421052631578947
15,0.7894736842105263,0.7894736842105263,0.631578947368421,0.7368421052631579,0.5263157894736842,0.7894736842105263
16,0.9473684210526315,0.8421052631578947,0.7894736842105263,0.8947368421052632,0.7894736842105263,0.8947368421052632
17,0.8947368421052632,0.7894736842105263,0.631578947368421,0.7368421052631579,0.47368421052631576,0.8947368421052632
18,0.8947368421052632,0.7894736842105263,0.8947368421052632,0.8421052631578947,0.6842105263157895,0.9473684210526315
19,0.8947368421052632,0.7368421052631579,0.6842105263157895,0.7894736842105263,0.6842105263157895,0.8421052631578947
20,0.8421052631578947,0.7368421052631579,0.6842105263157895,0.7894736842105263,0.631578947368421,0.8421052631578947
21,0.8421052631578947,0.7894736842105263,0.7894736842105263,0.7894736842105263,0.6842105263157895,0.8421052631578947
22,0.8421052631578947,0.8421052631578947,0.7894736842105263,0.7894736842105263,0.7368421052631579,0.8947368421052632
23,0.8421052631578947,0.6842105263157895,0.5789473684210527,0.7368421052631579,0.5789473684210527,0.8421052631578947
24,0.8947368421052632,0.7894736842105263,0.7368421052631579,0.9473684210526315,0.7368421052631579,0.7894736842105263
25,0.8947368421052632,0.8947368421052632,0.7894736842105263,0.8947368421052632,0.6842105263157895,0.8947368421052632
26,0.7894736842105263,0.7368421052631579,0.5263157894736842,0.7368421052631579,0.47368421052631576,0.7894736842105263
27,0.9473684210526315,0.8421052631578947,0.8421052631578947,0.8421052631578947,0.631578947368421,0.8947368421052632
28,0.631578947368421,0.7894736842105263,0.631578947368421,0.6842105263157895,0.42105263157894735,0.7368421052631579
29,0.7894736842105263,0.8421052631578947,0.7894736842105263,0.6842105263157895,0.5263157894736842,0.7894736842105263
30,0.8421052631578947,0.7894736842105263,0.6842105263157895,0.7368421052631579,0.5263157894736842,0.8947368421052632
31,0.9473684210526315,0.9473684210526315,0.7368421052631579,0.7894736842105263,0.6842105263157895,0.9473684210526315
32,0.7894736842105263,0.5789473684210527,0.7368421052631579,0.8421052631578947,0.5263157894736842,0.7894736842105263
33,0.7368421052631579,0.7894736842105263,0.6842105263157895,0.7368421052631579,0.42105263157894735,0.8947368421052632
34,0.9473684210526315,0.8421052631578947,0.5789473684210527,0.7894736842105263,0.5263157894736842,0.9473684210526315
35,0.8421052631578947,0.8421052631578947,0.8947368421052632,0.7894736842105263,0.6842105263157895,0.8421052631578947
36,0.8947368421052632,0.8421052631578947,0.8421052631578947,0.7894736842105263,0.5789473684210527,0.8947368421052632
37,0.8947368421052632,0.8421052631578947,0.7368421052631579,0.7368421052631579,0.42105263157894735,0.8421052631578947
38,0.7368421052631579,0.7368421052631579,0.7368421052631579,0.631578947368421,0.47368421052631576,0.6842105263157895
39,0.7894736842105263,0.7368421052631579,0.8421052631578947,0.7368421052631579,0.631578947368421,0.7368421052631579
40,0.8947368421052632,0.9473684210526315,0.7368421052631579,0.6842105263157895,0.631578947368421,0.8947368421052632
41,0.9473684210526315,0.8421052631578947,0.8947368421052632,0.7368421052631579,0.5789473684210527,0.8947368421052632
42,0.8421052631578947,0.9473684210526315,0.7368421052631579,0.8421052631578947,0.6842105263157895,0.8421052631578947
43,1,0.8947368421052632,0.8421052631578947,0.7894736842105263,0.631578947368421,0.9473684210526315
44,0.7368421052631579,0.5789473684210527,0.47368421052631576,0.5789473684210527,0.5263157894736842,0.6842105263157895
45,0.7894736842105263,0.7368421052631579,0.6842105263157895,0.6842105263157895,0.47368421052631576,0.7368421052631579
46,0.8947368421052632,0.7368421052631579,0.47368421052631576,0.7368421052631579,0.5789473684210527,0.8947368421052632
47,0.8947368421052632,0.7894736842105263,0.8947368421052632,0.7368421052631579,0.631578947368421,0.8421052631578947
48,1,0.7894736842105263,0.8421052631578947,0.7894736842105263,0.7368421052631579,0.8947368421052632
49,0.7894736842105263,0.8421052631578947,0.6842105263157895,0.631578947368421,0.47368421052631576,0.7894736842105263
50,0.8947368421052632,0.7368421052631579,0.9473684210526315,0.8421052631578947,0.7368421052631579,0.7894736842105263
51,0.8421052631578947,0.7368421052631579,0.6842105263157895,0.7894736842105263,0.6842105263157895,0.8421052631578947
52,0.8947368421052632,0.631578947368421,0.8421052631578947,0.7368421052631579,0.6842105263157895,0.8421052631578947
53,0.7368421052631579,0.7894736842105263,0.6842105263157895,0.7368421052631579,0.42105263157894735,0.7894736842105263
54,0.7894736842105263,0.7368421052631579,0.7894736842105263,0.631578947368421,0.5263157894736842,0.7368421052631579
55,0.6842105263157895,0.6842105263157895,0.5263157894736842,0.5789473684210527,0.3157894736842105,0.631578947368421
56,0.8947368421052632,0.6842105263157895,0.6842105263157895,0.7894736842105263,0.5263157894736842,0.8421052631578947
57,0.8947368421052632,0.8421052631578947,0.7894736842105263,0.8421052631578947,0.7368421052631579,0.8421052631578947
58,0.9473684210526315,0.8421052631578947,0.8421052631578947,0.8947368421052632,0.6842105263157895,0.9473684210526315
59,0.6842105263157895,0.631578947368421,0.6842105263157895,0.631578947368421,0.47368421052631576,0.5789473684210527
60,0.7894736842105263,0.7368421052631579,0.8421052631578947,0.6842105263157895,0.5789473684210527,0.8421052631578947
61,0.7368421052631579,0.6842105263157895,0.631578947368421,0.5789473684210527,0.47368421052631576,0.7368421052631579
62,0.8947368421052632,0.7368421052631579,0.7894736842105263,0.631578947368421,0.42105263157894735,0.8421052631578947
63,0.8421052631578947,0.7894736842105263,0.5789473684210527,0.7368421052631579,0.631578947368421,0.7368421052631579
64,0.8947368421052632,0.7894736842105263,0.7894736842105263,0.7894736842105263,0.47368421052631576,0.8947368421052632
65,0.9473684210526315,0.8421052631578947,0.5789473684210527,0.7894736842105263,0.631578947368421,0.9473684210526315
66,0.7894736842105263,0.7368421052631579,0.6842105263157895,0.6842105263157895,0.6842105263157895,0.7894736842105263
67,0.8421052631578947,0.631578947368421,0.6842105263157895,0.7894736842105263,0.5789473684210527,0.8947368421052632
68,0.631578947368421,0.6842105263157895,0.631578947368421,0.6842105263157895,0.5789473684210527,0.6842105263157895
69,0.7894736842105263,0.7368421052631579,0.5789473684210527,0.7368421052631579,0.631578947368421,0.8421052631578947
70,0.6842105263157895,0.7894736842105263,0.5789473684210527,0.631578947368421,0.5789473684210527,0.6842105263157895
71,0.8421052631578947,0.7894736842105263,0.5789473684210527,0.7368421052631579,0.47368421052631576,0.8947368421052632
72,0.7894736842105263,0.7368421052631579,0.5263157894736842,0.5263157894736842,0.6842105263157895,0.6842105263157895
73,0.7894736842105263,0.7368421052631579,0.6842105263157895,0.7894736842105263,0.631578947368421,0.7894736842105263
74,0.8947368421052632,0.8421052631578947,0.7894736842105263,0.7894736842105263,0.631578947368421,0.8947368421052632
75,1,0.8421052631578947,0.7894736842105263,0.9473684210526315,0.7368421052631579,0.9473684210526315
76,0.8947368421052632,0.6842105263157895,0.9473684210526315,0.7368421052631579,0.5789473684210527,0.7894736842105263
77,0.9473684210526315,0.7894736842105263,0.631578947368421,0.7368421052631579,0.631578947368421,0.7368421052631579
78,0.8421052631578947,0.7368421052631579,0.7368421052631579,0.7368421052631579,0.5263157894736842,0.7894736842105263
79,0.8421052631578947,0.6842105263157895,0.7368421052631579,0.7894736842105263,0.5789473684210527,0.7894736842105263
80,0.8421052631578947,0.7894736842105263,0.6842105263157895,0.8421052631578947,0.631578947368421,0.8421052631578947
81,0.8421052631578947,0.8421052631578947,0.7368421052631579,0.7368421052631579,0.7368421052631579,0.7894736842105263
82,0.9473684210526315,0.6842105263157895,0.631578947368421,0.7894736842105263,0.631578947368421,0.9473684210526315
83,0.7894736842105263,0.7894736842105263,0.8421052631578947,0.6842105263157895,0.47368421052631576,0.8421052631578947
84,0.8421052631578947,0.8947368421052632,0.7368421052631579,0.8421052631578947,0.6842105263157895,0.8947368421052632
85,0.9473684210526315,0.7894736842105263,0.7368421052631579,0.8421052631578947,0.7368421052631579,0.8947368421052632
86,0.7894736842105263,0.7894736842105263,0.7368421052631579,0.6842105263157895,0.6842105263157895,0.7894736842105263
87,0.8947368421052632,0.7368421052631579,0.7368421052631579,0.7894736842105263,0.5263157894736842,0.8421052631578947
88,0.7894736842105263,0.8421052631578947,0.7894736842105263,0.631578947368421,0.5263157894736842,0.7894736842105263
89,0.8421052631578947,0.7894736842105263,0.7368421052631579,0.6842105263157895,0.5789473684210527,0.8421052631578947
90,0.7894736842105263,0.8421052631578947,0.5789473684210527,0.7368421052631579,0.631578947368421,0.7894736842105263
91,0.8421052631578947,0.7894736842105263,0.6842105263157895,0.7894736842105263,0.47368421052631576,0.8947368421052632
92,0.8421052631578947,0.7894736842105263,0.6842105263157895,0.631578947368421,0.631578947368421,0.7368421052631579
93,0.8421052631578947,0.8947368421052632,0.7368421052631579,0.6842105263157895,0.631578947368421,0.7894736842105263
94,0.7894736842105263,0.6842105263157895,0.8421052631578947,0.7368421052631579,0.6842105263157895,0.7894736842105263
95,0.8421052631578947,0.7894736842105263,0.8947368421052632,0.7894736842105263,0.631578947368421,0.7368421052631579
96,0.7894736842105263,0.6842105263157895,0.631578947368421,0.7894736842105263,0.631578947368421,0.7368421052631579
97,0.8947368421052632,0.8421052631578947,0.631578947368421,0.8421052631578947,0.7368421052631579,0.8421052631578947
98,0.7894736842105263,0.7894736842105263,0.42105263157894735,0.7368421052631579,0.631578947368421,0.7368421052631579
99,0.6842105263157895,0.8421052631578947,0.8421052631578947,0.7894736842105263,0.5789473684210527,0.6842105263157895
100,0.8947368421052632,0.9473684210526315,0.6842105263157895,0.6842105263157895,0.5789473684210527,0.8947368421052632
